GLOBAL_SIM_BASE_CLK 0.000000 0.000000 0.000000
top^a~0 0.000000 0.000000 0.000000
top^a~1 0.000000 0.000000 0.000000
top^a~2 0.000000 0.000000 0.000000
top^a~3 0.000000 0.000000 0.000000
top^a~4 0.000000 0.000000 0.000000
top^a~5 0.000000 0.000000 0.000000
top^a~6 0.000000 0.000000 0.000000
top^a~7 0.000000 0.000000 0.000000
top^s~0 0.400000 0.400000 0.400000
top^s~1 0.000000 0.200000 0.200000
top^s~2 0.200000 0.200000 0.200000
top^s~3 0.200000 0.600000 0.600000
top^s~4 0.000000 0.400000 0.400000
top^s~5 0.400000 0.000000 0.000000
top^s~6 0.200000 0.600000 0.600000
top^s~7 0.400000 0.400000 0.400000
